1, 1 0.5;
2, 0 0;
3, 1 0.25;
4, 1 0.25;

5, 0 0;
6, 0 0;
7, 0 0;
8, 1 0.25;

9, 1 0.25;
10, 0 0;
11, 0 0;
12, 1 0.25;

13, 0 0;
14, 0 0;
15, 0 0;
16, 0 0;


17, 0 0;
18, 1 0.25;
19, 1 0.25;
20, 0 0;

21, 1 0.25;
22, 0 0;
23, 1 0.25;
24, 0 0;

25, 1 0.25;
26, 0 0;
27, 1 0.25;
28, 1 0.5;

29, 0 0;
30, 0 0;
31, 0 0;
32, 0 0;


33, 1 0.5;
34, 0 0;
35, 1 0.25;
36, 1 0.5;

37, 0 0;
38, 0 0;
39, 1 0.5;
40, 0 0;

41, 1 0.25;
42, 1 0.5;
43, 0 0;
44, 1 0.5;

45, 0 0;
46, 0 0;
47, 0 0;
48, 0 0;


49, 3 0.5;
50, 0 0;
51, 1 0.5;
52, 0 0;

53, 3 0.5;
54, 0 0;
55, 1 0.5;
56, 0 0;

57, 2 1;
58, 0 0;
59, 0 0;
60, 0 0;

61, 3 1;
62, 0 0;
63, 0 0;
64, 0 0;