1, 1 0.25;
2, 1 0.25;
3, 1 0.5;
4, 0 0;

5, 1 1;
6, 0 0;
7, 0 0;
8, 0 0;

9, 1 0.5;
10, 0 0;
11, 1 0.5;
12, 0 0;

13, 1 1;
14, 0 0;
15, 1 0.5;
16, 0 0;


17, 1 1;
18, 0 0;
19, 0 0;
20, 0 0;

21, 1 1;
22, 0 0;
23, 0 0;
24, 0 0;

25, 1 1;
26, 0 0;
27, 0 0;
28, 0 0;

29, 1 1;
30, 0 0;
31, 0 0;
32, 0 0;


33, 1 0.25;
34, 1 0.25;
35, 1 0.5;
36, 0 0;

37, 1 1;
38, 0 0;
39, 0 0;
40, 0 0;

41, 1 0.5;
42, 0 0;
43, 1 0.5;
44, 0 0;

45, 1 0.5;
46, 0 0;
47, 1 1;
48, 0 0;


49, 0 0;
50, 0 0;
51, 1 0.5;
52, 0 0;

53, 1 0.25;
54, 1 0.25;
55, 0 0;
56, 0 0;

57, 1 0.5;
58, 0 0;
59, 1 0.5;
60, 0 0;

61, 1 0.25;
62, 1 0.25;
63, 0 0;
64, 0 0;