1, 1 0.5;
2, 0 0;
3, 1 0.5;
4, 0 0;

5, 1 0.5;
6, 0 0;
7, 0 0;
8, 0 0;

9, 1 0.5;
10, 0 0;
11, 1 0.5;
12, 0 0;

13, 1 0.5;
14, 0 0;
15, 1 0.50;
16, 0 0;


17, 1 0.5;
18, 0 0;
19, 1 0.5;
20, 0 0;

21, 1 0.5;
22, 0 0;
23, 1 0.5;
24, 0 0;

25, 0 0;
26, 0 0;
27, 1 0.5;
28, 0 0;

29, 1 0.5;
30, 0 0;
31, 1 0.5;
32, 0 0;


33, 1 0.5;
34, 0 0;
35, 1 0.5;
36, 0 0;

37, 1 0.5;
38, 0 0;
39, 0 0;
40, 0 0;

41, 1 0.5;
42, 0 0;
43, 1 0.5;
44, 0 0;

45, 1 0.5;
46, 0 0;
47, 1 0.5;
48, 0 0;


49, 1 0.5;
50, 0 0;
51, 1 0.5;
52, 0 0;

53, 1 0.5;
54, 0 0;
55, 1 0.5;
56, 0 0;

57, 0 0;
58, 0 0;
59, 1 0.5;
60, 0 0;

61, 1 0.5;
62, 0 0;
63, 1 0.5;
64, 0 0;